{
 "cells": [
  {
   "cell_type": "code",
   "execution_count": 12,
   "metadata": {},
   "outputs": [
    {
     "name": "stdout",
     "output_type": "stream",
     "text": [
      "[-0.34168083 -0.51062831 -0.16895152 -1.64116012  0.91159203] \n",
      " (5,)  # Rank 1 array\n"
     ]
    }
   ],
   "source": [
    "import numpy as np\n",
    "\n",
    "a = np.random.randn(5)\n",
    "print(a,\"\\n\", np.shape(a), \" # Rank 1 array\")"
   ]
  },
  {
   "cell_type": "code",
   "execution_count": 14,
   "metadata": {},
   "outputs": [
    {
     "name": "stdout",
     "output_type": "stream",
     "text": [
      "[-0.34168083 -0.51062831 -0.16895152 -1.64116012  0.91159203] \n",
      " (5,)  # Rank 1 array # same as 'a'\n"
     ]
    }
   ],
   "source": [
    "print(a.T,\"\\n\", np.shape(a.T), \" # Rank 1 array # same as 'a'\")"
   ]
  },
  {
   "cell_type": "code",
   "execution_count": 16,
   "metadata": {},
   "outputs": [
    {
     "name": "stdout",
     "output_type": "stream",
     "text": [
      "[ 0.11674579  0.26074127  0.02854462  2.69340654  0.83100003] \n",
      " (5,)  # Rank 1 array # same as 'a'\n"
     ]
    }
   ],
   "source": [
    "print(a*a.T,\"\\n\", np.shape(a*a.T), \" # Rank 1 array # same as 'a'\")"
   ]
  },
  {
   "cell_type": "code",
   "execution_count": 20,
   "metadata": {},
   "outputs": [
    {
     "name": "stdout",
     "output_type": "stream",
     "text": [
      "3.93043824984 \n",
      " ()  # Just a number\n"
     ]
    }
   ],
   "source": [
    "print(np.dot(a,a.T),\"\\n\", np.shape(np.dot(a,a.T)), \" # Just a number\")"
   ]
  },
  {
   "cell_type": "code",
   "execution_count": 22,
   "metadata": {},
   "outputs": [
    {
     "name": "stdout",
     "output_type": "stream",
     "text": [
      "[[ 0.12156686]\n",
      " [-0.93648391]\n",
      " [ 0.09545417]\n",
      " [-0.17896289]\n",
      " [-0.07487565]] \n",
      " Shape: (5, 1) # 5x1 vector\n"
     ]
    }
   ],
   "source": [
    "b = np.random.randn(5,1)\n",
    "print(b, \"\\n Shape:\", np.shape(b), \"# 5x1 vector\")"
   ]
  },
  {
   "cell_type": "code",
   "execution_count": 25,
   "metadata": {},
   "outputs": [
    {
     "name": "stdout",
     "output_type": "stream",
     "text": [
      "[[ 0.12156686 -0.93648391  0.09545417 -0.17896289 -0.07487565]] \n",
      " (1, 5)  # 1x5 array\n"
     ]
    }
   ],
   "source": [
    "print(b.T,\"\\n\", np.shape(b.T), \" # 1x5 array\")"
   ]
  },
  {
   "cell_type": "code",
   "execution_count": 27,
   "metadata": {},
   "outputs": [
    {
     "name": "stdout",
     "output_type": "stream",
     "text": [
      "[[ 0.0147785  -0.11384541  0.01160406 -0.02175596 -0.0091024 ]\n",
      " [-0.11384541  0.87700212 -0.08939129  0.16759587  0.07011984]\n",
      " [ 0.01160406 -0.08939129  0.0091115  -0.01708275 -0.00714719]\n",
      " [-0.02175596  0.16759587 -0.01708275  0.03202772  0.01339996]\n",
      " [-0.0091024   0.07011984 -0.00714719  0.01339996  0.00560636]] \n",
      " (5, 5)  # 5x5 array\n"
     ]
    }
   ],
   "source": [
    "print(b*b.T,\"\\n\", np.shape(b*b.T), \" # 5x5 array\")"
   ]
  },
  {
   "cell_type": "code",
   "execution_count": 29,
   "metadata": {},
   "outputs": [
    {
     "name": "stdout",
     "output_type": "stream",
     "text": [
      "[[ 0.0147785  -0.11384541  0.01160406 -0.02175596 -0.0091024 ]\n",
      " [-0.11384541  0.87700212 -0.08939129  0.16759587  0.07011984]\n",
      " [ 0.01160406 -0.08939129  0.0091115  -0.01708275 -0.00714719]\n",
      " [-0.02175596  0.16759587 -0.01708275  0.03202772  0.01339996]\n",
      " [-0.0091024   0.07011984 -0.00714719  0.01339996  0.00560636]] \n",
      " (5, 5)  # 5x5 array\n"
     ]
    }
   ],
   "source": [
    "print(np.dot(b,b.T),\"\\n\", np.shape(np.dot(b,b.T)), \" # 5x5 array\")"
   ]
  },
  {
   "cell_type": "code",
   "execution_count": 31,
   "metadata": {},
   "outputs": [
    {
     "data": {
      "text/plain": [
       "array([[-1.01267129],\n",
       "       [-0.71425841],\n",
       "       [-1.28792715],\n",
       "       [ 0.48428318],\n",
       "       [-0.20128256]])"
      ]
     },
     "execution_count": 31,
     "metadata": {},
     "output_type": "execute_result"
    }
   ],
   "source": [
    "column_vector = np.random.randn(5,1)\n",
    "column_vector"
   ]
  },
  {
   "cell_type": "code",
   "execution_count": 39,
   "metadata": {},
   "outputs": [
    {
     "data": {
      "text/plain": [
       "(array([[-0.46214389,  0.78266628,  0.51403466,  0.69147869,  0.81096691]]),\n",
       " (1, 5),\n",
       " False,\n",
       " True)"
      ]
     },
     "execution_count": 39,
     "metadata": {},
     "output_type": "execute_result"
    }
   ],
   "source": [
    "row_vector = np.random.randn(1,5)\n",
    "row_vector, row_vector.shape, row_vector.shape==(5,1), row_vector.shape==(1,5)"
   ]
  }
 ],
 "metadata": {
  "kernelspec": {
   "display_name": "Python 3",
   "language": "python",
   "name": "python3"
  },
  "language_info": {
   "codemirror_mode": {
    "name": "ipython",
    "version": 3
   },
   "file_extension": ".py",
   "mimetype": "text/x-python",
   "name": "python",
   "nbconvert_exporter": "python",
   "pygments_lexer": "ipython3",
   "version": "3.6.7"
  }
 },
 "nbformat": 4,
 "nbformat_minor": 2
}
